spawns: 
  default: 
    world: world
    x: -0.14409226603494696
    y: 64.0
    z: -0.1610445309288346
    yaw: 0.30009818
    pitch: 0.29998383
