world: newWorld
x: 2009.0263948166432
y: 87.0
z: 1619.614280207038
yaw: -89.8501
pitch: -1.7999701
name: attack
