world: newWorld
x: -2631.352419513194
y: 104.0
z: -1316.9365814300238
yaw: -268.5066
pitch: -0.74976236
name: hd
