world: newWorld
x: 2045.9842171483072
y: 71.0
z: 1878.9189519251513
yaw: -0.453125
pitch: -2.8499146
name: isle
