world: newWorld
x: -2285.578362335526
y: 105.0
z: -1516.7163297823088
yaw: -359.55505
pitch: -1.4999743
name: mine1
