world: newWorld
x: -2361.5567004922545
y: 105.0
z: -1517.7137536837356
yaw: -1.0623173
pitch: -0.9000625
name: mine4
