world: newWorld
x: -2337.5588728870266
y: 105.0
z: -1517.2215830089312
yaw: 0.73773617
pitch: -5.5068733E-5
name: mine3
