world: newWorld
x: -2311.5024711709284
y: 105.0
z: -1517.3419915160343
yaw: 0.43774286
pitch: -1.0500574
name: mine2
