world: newWorld
x: -2277.6773333135857
y: 118.0
z: -1330.4734671406904
yaw: -268.65106
pitch: -1.3499703
name: mon
