world: newWorld
x: -2522.73039554093
y: 93.0
z: -1311.5820876257894
yaw: 270.2323
pitch: -5.0769253
name: run
