world: world
x: 3.568797184879823
y: 83.0
z: 338.9848792221436
yaw: -359.3803
pitch: 1.5000182
name: tower
